19
1 5
1 6
1 8
1 9
1 10
1 14
1 15
1 19
2 3
2 5
2 8
2 9
2 12
2 13
2 14
2 18
3 2
3 5
3 7
3 9
3 10
3 11
3 12
3 14
3 15
3 16
3 17
3 18
3 19
4 5
4 6
4 7
4 9
4 10
4 11
4 12
4 13
4 14
4 18
5 1
5 3
5 6
5 8
5 9
5 11
5 15
5 17
5 18
5 19
6 5
6 7
6 8
6 9
6 10
6 13
6 14
6 16
6 17
7 5
7 6
7 8
7 9
7 11
7 12
7 13
7 18
7 19
8 6
8 7
8 9
8 12
8 15
8 16
8 18
8 19
9 3
9 5
9 7
9 8
9 10
9 14
9 16
10 3
10 6
10 9
10 11
10 17
11 5
11 6
11 7
11 8
11 9
11 12
11 15
11 16
11 18
12 8
12 10
12 11
12 14
12 17
13 6
13 7
13 19
14 3
14 5
14 6
14 9
14 15
14 16
14 19
15 6
15 9
15 10
15 11
15 13
15 14
15 17
16 5
16 9
16 12
16 13
16 14
16 15
16 18
17 5
17 7
17 11
17 12
17 15
17 19
18 6
18 8
18 11
18 14
18 17
18 19
19 5
19 7
19 8
19 12
19 13
19 14
19 17
19 18
