19
1 5
1 6
1 7
1 8
1 9
1 10
1 14
1 15
1 16
1 19
2 3
2 5
2 7
2 8
2 9
2 11
2 12
2 13
2 14
2 18
3 2
3 7
3 9
3 10
3 11
3 12
3 14
3 15
3 16
3 17
3 18
3 19
4 5
4 6
4 7
4 9
4 10
4 11
4 12
4 13
4 14
4 18
5 2
5 4
5 6
5 8
5 9
5 11
5 15
5 17
5 18
5 19
6 4
6 5
6 7
6 8
6 9
6 10
6 13
6 14
6 16
6 17
7 1
7 2
7 5
7 6
7 8
7 9
7 11
7 12
7 13
7 14
7 17
7 18
7 19
8 6
8 9
8 11
8 17
8 18
9 2
9 5
9 6
9 10
9 11
9 12
9 13
9 14
9 15
9 17
10 4
10 5
10 9
10 12
10 14
10 15
10 18
10 19
11 2
11 4
11 5
11 6
11 7
11 12
11 13
11 15
11 17
11 19
12 2
12 6
12 8
12 9
12 11
12 14
12 17
12 19
13 4
13 5
13 6
13 7
13 8
13 9
13 11
13 12
13 15
13 16
13 17
13 18
13 19
14 6
14 7
14 9
14 12
14 15
14 16
14 18
14 19
15 5
15 7
15 8
15 9
15 10
15 11
15 14
15 16
15 17
15 18
16 5
16 6
16 9
16 12
16 13
16 15
16 19
17 3
17 5
17 7
17 11
17 12
17 13
17 14
17 15
17 18
17 19
18 7
18 8
18 10
18 11
18 14
18 15
18 16
18 17
18 19
19 6
19 7
19 9
19 10
19 11
19 13
19 16
19 17
