19
1 5
1 6
1 8
1 9
1 11
1 12
1 13
1 14
1 17
1 18
1 19
2 5
2 7
2 8
2 9
2 10
2 13
2 14
2 16
2 17
3 6
3 8
3 9
3 11
3 15
3 17
3 18
3 19
4 5
4 6
4 7
4 9
4 10
4 11
4 12
4 13
4 14
4 18
5 2
5 7
5 9
5 10
5 11
5 12
5 14
5 15
5 16
5 17
5 18
5 19
6 3
6 5
6 7
6 8
6 9
6 11
6 12
6 13
6 14
6 18
7 5
7 6
7 8
7 9
7 10
7 14
7 15
7 16
7 19
8 5
8 7
8 12
8 13
8 14
8 17
8 18
9 7
9 8
9 10
9 11
9 14
9 16
9 17
9 19
10 6
10 7
10 9
10 19
11 5
11 6
11 9
11 12
11 15
11 16
11 19
12 1
12 5
12 6
12 9
12 10
12 11
12 13
12 14
12 17
13 5
13 9
13 12
13 14
13 15
13 18
14 1
14 5
14 6
14 7
14 11
14 12
14 15
14 19
15 6
15 8
15 11
15 14
15 17
15 19
16 5
16 6
16 7
16 8
16 9
16 11
16 12
16 15
16 18
17 1
17 6
17 7
17 9
17 12
17 15
17 16
17 18
17 19
18 1
18 4
18 5
18 7
18 8
18 10
18 14
18 16
19 6
19 9
19 11
19 17
