19
1 6
1 8
1 9
1 14
1 15
1 19
2 5
2 8
2 12
2 13
2 14
2 18
3 7
3 10
3 11
3 12
3 15
3 16
3 17
3 18
3 19
4 5
4 6
4 7
4 9
4 10
4 11
4 12
4 13
4 14
4 18
5 6
5 8
5 9
5 11
5 15
5 17
5 18
6 1
6 5
6 7
6 8
6 9
6 10
6 16
6 17
7 3
7 4
7 5
7 9
7 12
7 18
7 19
8 5
8 6
8 9
8 15
8 16
8 17
8 19
9 6
9 10
9 11
9 13
9 14
9 17
10 6
10 9
10 15
10 18
10 19
11 6
11 7
11 13
11 16
12 3
12 4
12 8
12 11
12 14
12 17
12 18
12 19
13 5
13 8
13 12
13 14
13 17
13 18
13 19
14 9
14 12
14 13
14 15
14 16
14 18
15 5
15 7
15 8
15 10
15 16
16 6
16 9
16 10
16 11
16 13
16 17
17 5
17 7
17 8
17 12
17 15
17 16
17 18
18 4
18 10
18 11
18 14
18 17
19 1
19 5
19 8
19 11
19 12
19 15
