19
1 3
1 5
1 7
1 9
1 12
1 18
1 19
2 5
2 7
2 9
2 17
3 1
3 6
3 8
3 9
3 11
3 15
3 17
3 18
4 5
4 6
4 9
4 10
4 11
4 12
4 13
4 14
4 18
5 1
5 10
5 11
5 12
5 15
5 16
5 17
5 18
5 19
6 3
6 4
6 5
6 8
6 12
6 13
6 14
6 18
7 1
7 8
7 9
7 14
7 15
7 19
8 3
8 5
8 7
8 15
8 17
8 18
9 2
9 4
9 10
9 11
9 17
10 5
10 8
10 11
10 12
10 15
10 19
11 9
11 10
11 13
12 1
12 6
12 11
12 13
12 14
12 17
13 6
13 15
13 18
13 19
14 6
14 7
14 13
14 16
15 8
15 11
15 14
15 17
15 18
15 19
16 4
16 5
16 8
16 12
16 13
16 14
16 17
16 18
16 19
17 2
17 3
17 9
17 13
17 15
17 16
17 18
18 5
18 7
18 8
18 10
18 15
18 16
19 5
19 9
19 15
19 16
19 17
