23
1 4
1 5
1 6
1 8
1 9
1 11
1 12
1 13
1 14
1 15
1 16
1 19
1 20
1 21
1 22
1 23
2 4
2 5
2 7
2 8
2 9
2 10
2 11
2 12
2 13
2 14
2 15
2 16
2 17
2 18
2 19
2 21
2 22
2 23
3 6
3 7
3 8
3 9
3 10
3 11
3 12
3 13
3 14
3 17
3 18
3 19
3 20
3 23
4 1
4 2
4 6
4 8
4 10
4 12
4 13
4 14
4 18
4 20
4 21
4 22
4 23
5 1
5 7
5 9
5 10
5 12
5 13
5 16
5 17
5 18
5 19
5 20
5 21
6 5
6 7
6 8
6 9
6 10
6 11
6 13
6 15
6 16
6 18
6 20
6 21
6 22
6 23
7 5
7 6
7 9
7 11
7 12
7 13
7 14
7 15
7 17
7 18
7 20
7 21
7 22
7 23
8 4
8 5
8 7
8 9
8 11
8 12
8 13
8 14
8 15
8 16
8 17
8 20
9 1
9 2
9 6
9 7
9 8
9 10
9 12
9 14
9 17
9 19
9 23
10 2
10 4
10 6
10 9
10 11
10 12
10 14
10 15
10 16
10 17
10 18
10 19
10 20
10 21
10 22
11 5
11 6
11 7
11 8
11 9
11 10
11 14
11 15
11 17
11 19
11 20
11 21
11 22
11 23
12 6
12 7
12 8
12 9
12 11
12 15
12 16
12 18
12 20
12 21
12 22
13 5
13 6
13 7
13 8
13 10
13 12
13 14
13 17
13 21
13 22
14 5
14 6
14 7
14 8
14 10
14 11
14 15
14 16
14 17
14 18
14 20
14 23
15 1
15 6
15 7
15 8
15 10
15 11
15 12
15 13
15 16
15 17
15 18
15 19
15 21
15 22
16 5
16 6
16 7
16 9
16 10
16 11
16 12
16 13
16 17
16 18
16 19
16 21
16 22
16 23
17 2
17 5
17 9
17 10
17 11
17 12
17 14
17 16
17 18
17 19
17 20
17 21
17 22
18 5
18 6
18 7
18 8
18 10
18 11
18 12
18 14
18 15
18 16
18 17
18 19
19 3
19 5
19 6
19 8
19 9
19 10
19 11
19 12
19 15
19 16
19 18
19 20
19 21
19 22
20 6
20 7
20 8
20 9
20 10
20 11
20 12
20 13
20 14
20 17
20 19
20 21
20 22
20 23
21 5
21 6
21 7
21 8
21 9
21 10
21 11
21 12
21 13
21 15
21 16
21 18
21 20
21 22
22 5
22 7
22 8
22 10
22 11
22 12
22 13
22 15
22 16
22 17
22 19
22 21
22 23
23 2
23 4
23 6
23 7
23 8
23 9
23 10
23 11
23 16
23 17
23 18
23 20
23 22
