23
1 3
1 5
1 7
1 12
1 15
1 18
1 20
1 21
1 22
2 5
2 11
2 13
2 16
2 18
2 20
2 21
2 23
3 1
3 7
3 9
3 10
3 12
3 13
3 16
3 17
3 18
3 19
3 20
3 21
4 6
4 12
4 13
4 14
4 18
4 20
4 21
4 23
5 1
5 2
5 7
5 9
5 10
5 12
5 17
5 18
5 19
5 20
5 23
6 5
6 7
6 8
6 9
6 10
6 11
6 12
6 13
6 14
6 15
6 16
6 17
6 18
6 21
6 23
7 1
7 8
7 9
7 12
7 14
7 15
7 19
7 21
7 22
7 23
8 6
8 7
8 9
8 11
8 12
8 20
9 3
9 5
9 6
9 7
9 10
9 12
9 17
9 18
9 19
9 21
10 5
10 8
10 9
10 12
10 14
10 16
10 20
10 21
10 22
11 5
11 12
11 14
11 17
11 19
11 20
11 22
12 1
12 4
12 9
12 10
12 16
12 18
12 20
12 22
12 23
13 2
13 3
13 8
13 12
13 14
13 15
13 16
13 17
13 19
13 22
14 6
14 7
14 9
14 10
14 11
14 15
14 16
14 18
14 19
14 20
14 22
15 8
15 9
15 10
15 11
15 17
15 19
15 23
16 3
16 8
16 10
16 12
16 21
17 5
17 7
17 10
17 11
17 12
17 13
17 14
17 15
17 20
17 21
18 2
18 4
18 6
18 7
18 11
18 13
18 22
19 6
19 8
19 9
19 11
19 15
19 16
19 18
19 20
19 21
20 2
20 4
20 8
20 14
20 15
20 17
20 19
20 21
20 23
21 4
21 6
21 8
21 9
21 10
21 15
21 16
21 17
21 18
21 19
21 20
22 6
22 8
22 9
22 10
22 11
22 13
22 14
22 17
23 5
23 11
23 15
23 17
23 18
23 20
