23
1 12
1 15
1 18
1 20
1 21
1 22
2 3
2 11
2 13
2 21
3 2
3 7
3 9
3 10
3 12
3 17
3 18
3 19
3 20
3 21
4 6
4 13
4 14
4 23
5 9
5 12
5 17
5 18
5 19
5 20
6 4
6 5
6 7
6 8
6 9
6 10
6 11
6 12
6 13
6 15
6 17
6 23
7 3
7 9
7 12
7 15
7 22
7 23
8 9
8 10
8 16
8 17
8 20
8 22
9 11
9 14
9 17
9 20
9 22
10 3
10 9
10 16
10 18
10 22
10 23
11 8
11 14
11 15
11 16
11 17
11 20
12 1
12 3
12 7
12 9
12 11
12 15
12 18
12 19
12 20
12 21
12 22
13 2
13 8
13 9
13 10
13 11
13 22
13 23
14 4
14 7
14 9
14 11
14 12
14 20
14 23
15 7
15 10
15 12
15 16
15 17
15 18
15 19
15 21
16 7
16 11
16 18
16 22
17 6
17 8
17 9
17 11
17 15
17 16
17 18
18 1
18 8
18 14
18 15
18 17
19 3
19 9
19 12
19 15
19 16
19 18
19 21
20 1
20 6
20 8
20 9
20 10
20 11
20 14
20 17
21 2
21 3
21 11
21 18
21 20
22 8
22 10
22 12
22 21
23 4
23 7
23 10
23 13
23 14
23 17
23 20
