23
1 6
1 8
1 9
1 12
1 14
1 15
1 19
1 21
1 22
1 23
2 5
2 7
2 8
2 9
2 10
2 11
2 12
2 13
2 14
2 15
2 16
2 17
2 18
2 19
2 21
2 23
3 4
3 7
3 9
3 10
3 12
3 14
3 17
3 18
3 19
3 20
3 23
4 3
4 6
4 12
4 13
4 14
4 18
4 20
4 21
4 23
5 7
5 9
5 10
5 12
5 13
5 16
5 17
5 18
5 19
5 20
5 21
6 1
6 4
6 5
6 11
6 13
6 16
6 18
6 20
6 21
6 22
6 23
7 5
7 12
7 15
7 18
7 20
7 21
7 22
8 5
8 11
8 15
8 17
8 18
8 20
8 23
9 8
9 10
9 12
9 21
10 5
10 7
10 11
10 12
10 13
10 14
10 15
10 20
10 21
11 6
11 7
11 13
11 20
11 22
12 6
12 8
12 9
12 11
12 15
12 16
12 18
12 20
12 21
13 5
13 8
13 11
13 14
13 15
13 17
13 19
13 20
13 21
13 22
13 23
14 3
14 6
14 8
14 9
14 10
14 15
14 16
14 17
14 18
14 19
14 20
15 6
15 8
15 9
15 10
15 11
15 13
15 14
15 17
16 8
16 9
16 10
16 11
16 17
16 19
16 23
17 6
17 7
17 9
17 11
17 12
17 18
17 20
18 5
18 6
18 7
18 10
18 12
18 17
18 19
18 21
18 22
19 1
19 2
19 3
19 5
19 8
19 9
19 12
19 14
19 16
19 20
19 21
19 22
20 5
20 6
20 8
20 11
20 12
20 13
20 14
20 17
20 19
20 22
21 9
21 10
21 16
21 18
21 20
21 22
21 23
22 6
22 8
22 12
22 13
22 14
22 15
22 16
22 17
22 18
22 19
23 4
23 6
23 7
23 8
23 9
23 10
23 11
23 15
23 16
23 18
23 19
23 20
23 22
