23
1 5
1 6
1 7
1 8
1 9
1 11
1 12
1 13
1 14
1 15
1 16
1 19
1 20
1 21
1 22
1 23
2 3
2 5
2 7
2 8
2 9
2 10
2 11
2 12
2 13
2 14
2 15
2 16
2 17
2 18
2 19
2 21
2 22
2 23
3 2
3 6
3 7
3 8
3 9
3 10
3 11
3 12
3 13
3 14
3 17
3 18
3 19
3 20
3 23
4 6
4 8
4 12
4 13
4 14
4 18
4 20
4 21
4 22
4 23
5 2
5 7
5 9
5 10
5 12
5 13
5 16
5 17
5 18
5 19
5 20
5 21
6 5
6 9
6 10
6 11
6 13
6 15
6 16
6 18
6 20
6 21
6 22
6 23
7 1
7 2
7 5
7 6
7 9
7 11
7 12
7 13
7 14
7 15
7 17
7 18
7 20
7 21
7 22
7 23
8 2
8 6
8 9
8 10
8 11
8 12
8 14
8 15
8 16
8 18
8 20
8 21
9 3
9 5
9 6
9 7
9 8
9 11
9 14
9 15
9 17
9 18
9 19
9 20
9 21
9 23
10 6
10 8
10 9
10 11
10 12
10 15
10 16
10 18
10 19
10 20
10 21
11 5
11 6
11 7
11 8
11 10
11 12
11 13
11 14
11 17
11 21
11 22
12 3
12 5
12 7
12 8
12 10
12 11
12 15
12 16
12 18
12 20
12 23
13 3
13 4
13 6
13 8
13 10
13 11
13 12
13 16
13 17
13 19
13 21
13 22
14 5
14 7
14 8
14 9
14 11
14 12
14 13
14 15
14 16
14 17
14 20
15 6
15 7
15 8
15 9
15 14
15 17
15 19
15 23
16 5
16 6
16 8
16 10
16 11
16 12
16 14
16 17
16 19
17 3
17 5
17 6
17 9
17 10
17 11
17 15
17 16
17 18
17 20
17 21
17 22
18 3
18 6
18 7
18 8
18 9
18 10
18 11
18 12
18 13
18 14
18 17
18 19
18 20
18 21
19 5
19 6
19 7
19 9
19 11
19 13
19 15
19 16
19 18
19 20
19 22
20 1
20 3
20 5
20 8
20 10
20 12
20 13
20 17
20 19
20 21
20 23
21 6
21 7
21 9
21 10
21 11
21 16
21 17
21 18
21 20
21 22
22 1
22 5
22 6
22 7
22 10
22 11
22 12
22 13
22 15
22 17
22 18
22 19
22 21
22 23
23 4
23 5
23 8
23 9
23 16
23 18
23 19
23 20
23 21
23 22
