23
1 4
1 9
1 15
1 22
2 5
2 7
2 8
2 9
2 10
2 11
2 12
2 13
2 15
2 23
3 9
3 12
3 17
3 18
3 19
3 20
4 1
4 13
5 9
5 12
5 17
5 18
5 20
6 11
7 15
7 21
7 22
8 9
8 16
9 1
9 8
9 14
9 17
10 2
10 9
10 15
10 16
10 18
10 21
11 6
11 8
11 9
11 10
11 14
11 17
11 20
12 11
12 18
12 20
12 21
13 10
13 12
13 21
13 22
14 10
14 17
14 20
15 1
15 7
15 11
15 18
15 22
16 11
16 17
16 22
17 9
17 16
17 18
17 22
18 8
18 14
18 15
18 17
19 3
19 9
19 11
19 15
19 18
19 20
19 21
19 22
20 8
20 9
20 10
20 11
20 22
20 23
21 7
21 12
21 20
22 7
22 10
22 12
22 15
22 16
22 17
22 19
22 21
23 2
23 9
23 10
23 16
23 17
23 20
