23
1 9
1 12
1 15
1 19
1 21
1 22
1 23
2 5
2 7
2 8
2 9
2 10
2 11
2 12
2 13
2 14
2 15
2 16
2 17
2 23
3 7
3 9
3 12
3 17
3 18
3 19
3 20
4 6
4 13
4 14
4 23
5 7
5 9
5 10
5 12
5 17
5 18
5 19
5 20
5 21
6 11
6 13
6 16
6 21
6 23
7 3
7 12
7 15
7 18
7 20
7 21
7 22
8 4
8 7
8 10
8 11
8 12
8 13
8 14
8 17
8 20
9 7
9 11
9 13
9 18
9 22
10 6
10 8
10 9
10 11
10 15
10 16
10 18
10 19
11 8
11 14
11 15
11 17
11 21
11 23
12 8
12 9
12 15
12 16
12 18
12 19
12 20
12 21
13 6
13 8
13 9
13 10
13 11
13 14
13 17
14 2
14 11
14 17
14 18
14 20
15 8
15 10
15 12
15 21
16 2
16 6
16 7
16 10
16 12
16 17
16 18
16 19
16 21
17 8
17 9
17 10
17 14
17 16
17 20
17 22
18 3
18 5
18 11
18 12
18 14
18 17
18 20
18 22
19 1
19 9
19 10
19 12
19 16
19 18
19 20
19 22
19 23
20 8
20 12
20 14
20 15
20 16
20 17
20 19
21 1
21 6
21 7
21 9
21 11
21 15
21 16
21 18
21 19
21 20
21 22
22 8
22 9
22 10
22 11
22 19
22 23
23 6
23 7
23 9
23 11
23 12
23 20
