23
1 5
1 6
1 7
1 9
1 11
1 12
1 13
1 14
1 15
1 17
1 18
1 20
1 21
1 22
1 23
2 3
2 5
2 7
2 8
2 9
2 10
2 11
2 13
2 14
2 15
2 16
2 18
2 20
2 21
2 22
2 23
3 2
3 4
3 7
3 9
3 10
3 12
3 13
3 16
3 17
3 18
3 19
3 20
3 21
4 3
4 5
4 6
4 8
4 10
4 12
4 13
4 14
4 18
4 20
4 21
4 22
4 23
5 2
5 4
5 6
5 7
5 8
5 9
5 10
5 11
5 12
5 13
5 14
5 17
5 18
5 19
5 20
5 21
5 23
6 4
6 5
6 7
6 8
6 9
6 10
6 11
6 12
6 13
6 14
6 15
6 16
6 17
6 18
6 19
6 21
6 22
6 23
7 1
7 3
7 5
7 6
7 8
7 9
7 11
7 12
7 13
7 14
7 15
7 16
7 19
7 20
7 21
7 22
7 23
8 4
8 6
8 7
8 9
8 10
8 11
8 16
8 17
8 18
8 20
8 22
9 5
9 6
9 7
9 10
9 11
9 12
9 13
9 14
9 17
9 18
9 19
9 20
9 21
9 22
9 23
10 3
10 5
10 9
10 11
10 12
10 14
10 16
10 18
10 19
10 20
10 21
10 22
10 23
11 5
11 6
11 7
11 8
11 10
11 12
11 14
11 15
11 16
11 17
11 19
11 20
12 1
12 3
12 5
12 6
12 7
12 8
12 9
12 10
12 11
12 15
12 16
12 18
12 19
12 20
12 21
12 22
13 2
13 6
13 7
13 8
13 9
13 10
13 11
13 12
13 14
13 15
13 17
13 19
13 21
13 22
13 23
14 1
14 2
14 4
14 5
14 6
14 7
14 8
14 9
14 10
14 11
14 12
14 13
14 15
14 16
14 17
14 18
14 20
14 22
14 23
15 5
15 7
15 8
15 10
15 11
15 12
15 13
15 16
15 17
15 18
15 19
15 21
15 23
16 6
16 7
16 8
16 10
16 11
16 12
16 13
16 17
16 18
16 19
16 21
16 22
17 5
17 6
17 7
17 8
17 9
17 11
17 12
17 13
17 14
17 15
17 16
17 18
17 20
18 1
18 3
18 6
18 7
18 8
18 10
18 12
18 14
18 15
18 17
18 19
18 23
19 3
19 6
19 9
19 11
19 12
19 14
19 15
19 16
19 17
19 18
19 20
19 21
19 22
20 1
20 5
20 6
20 7
20 8
20 9
20 10
20 11
20 14
20 15
20 17
20 19
20 21
20 22
20 23
21 2
21 3
21 5
21 6
21 7
21 8
21 9
21 11
21 15
21 16
21 18
21 20
21 22
22 1
22 5
22 6
22 7
22 8
22 10
22 12
22 14
22 17
22 21
23 4
23 5
23 6
23 7
23 8
23 10
23 11
23 13
23 14
23 15
23 16
23 17
23 18
23 20
