23
1 5
1 6
1 8
1 9
1 11
1 12
1 14
1 15
1 19
1 20
1 21
1 22
1 23
2 5
2 7
2 8
2 9
2 10
2 11
2 12
2 13
2 14
2 15
2 16
2 17
2 18
2 19
2 21
2 22
2 23
3 6
3 7
3 9
3 10
3 11
3 12
3 14
3 17
3 18
3 19
3 20
3 23
4 6
4 8
4 12
4 13
4 14
4 18
4 20
4 21
4 23
5 1
5 7
5 9
5 10
5 12
5 13
5 16
5 17
5 18
5 19
5 20
5 21
6 3
6 5
6 9
6 10
6 11
6 13
6 15
6 16
6 18
6 20
6 21
6 22
6 23
7 5
7 6
7 9
7 11
7 12
7 13
7 15
7 18
7 20
7 21
7 22
7 23
8 4
8 6
8 9
8 10
8 11
8 15
8 16
8 17
8 18
8 19
8 20
9 6
9 8
9 10
9 11
9 13
9 14
9 17
9 21
10 5
10 8
10 11
10 15
10 16
10 18
10 19
10 20
10 23
11 6
11 8
11 10
11 12
11 16
11 17
11 19
11 21
12 5
12 7
12 11
12 13
12 14
12 15
12 17
12 20
12 21
13 6
13 7
13 8
13 15
13 17
13 19
13 22
13 23
14 6
14 8
14 9
14 11
14 15
14 16
14 18
14 20
14 21
15 5
15 6
15 8
15 11
15 14
15 17
15 19
15 20
15 21
15 23
16 6
16 7
16 8
16 11
16 12
16 13
16 14
16 17
16 18
16 19
16 20
16 21
17 2
17 5
17 6
17 7
17 9
17 10
17 11
17 13
17 15
17 16
17 18
17 19
17 20
17 22
18 8
18 10
18 11
18 17
18 19
18 23
19 6
19 7
19 9
19 11
19 12
19 16
19 18
19 20
19 21
19 22
20 1
20 5
20 6
20 7
20 10
20 12
20 15
20 17
20 18
20 19
20 21
20 22
20 23
21 2
21 4
21 5
21 8
21 9
21 14
21 16
21 18
21 19
21 20
21 22
22 2
22 5
22 6
22 8
22 11
22 12
22 14
22 17
22 19
23 9
23 10
23 16
23 18
23 20
23 22
