23
1 5
1 6
1 9
1 11
1 12
1 13
1 15
1 18
1 20
1 21
1 22
1 23
2 5
2 9
2 10
2 11
2 13
2 16
2 18
2 20
2 21
2 22
2 23
3 7
3 9
3 10
3 12
3 13
3 16
3 17
3 18
3 19
3 20
3 21
4 6
4 12
4 13
4 14
4 18
4 20
4 21
4 23
5 2
5 6
5 7
5 9
5 10
5 11
5 12
5 14
5 17
5 18
5 19
5 20
5 23
6 1
6 5
6 7
6 8
6 9
6 10
6 11
6 12
6 13
6 14
6 15
6 16
6 17
6 18
6 19
6 21
6 23
7 6
7 8
7 9
7 11
7 12
7 14
7 15
7 19
7 21
7 22
7 23
8 4
8 6
8 7
8 9
8 10
8 11
8 13
8 15
8 16
8 17
8 18
8 19
8 20
8 22
9 1
9 2
9 8
9 10
9 11
9 17
9 19
9 23
10 2
10 6
10 7
10 9
10 11
10 12
10 16
10 18
10 20
11 1
11 5
11 6
11 7
11 10
11 12
11 17
11 18
11 19
11 21
11 22
11 23
12 3
12 5
12 8
12 9
12 14
12 16
12 18
12 20
12 21
12 22
13 1
13 4
13 5
13 6
13 8
13 11
13 12
13 14
13 17
13 19
13 22
14 9
14 10
14 16
14 18
14 20
14 22
14 23
15 6
15 7
15 8
15 12
15 13
15 14
15 16
15 17
15 18
15 19
15 20
16 6
16 8
16 9
16 10
16 11
16 13
16 14
16 17
16 21
17 5
17 8
17 11
17 15
17 16
17 18
17 19
17 20
17 23
18 8
18 10
18 11
18 12
18 17
18 21
19 5
19 7
19 11
19 12
19 13
19 14
19 15
19 17
19 20
19 21
20 6
20 7
20 8
20 13
20 15
20 19
20 22
20 23
21 1
21 3
21 6
21 8
21 9
21 11
21 15
21 16
21 18
21 20
22 5
22 8
22 11
22 14
22 15
22 17
22 19
22 20
22 21
22 23
23 1
23 6
23 8
23 9
23 10
23 11
23 15
23 16
23 17
23 18
23 19
23 20
