27
1 3
1 5
1 7
1 8
1 9
1 12
1 18
1 19
1 20
1 22
1 23
1 24
1 26
2 9
2 11
2 14
2 16
2 17
2 18
2 20
2 22
2 23
2 24
2 25
2 26
2 27
3 1
3 5
3 8
3 9
3 10
3 11
3 12
3 13
3 17
3 22
3 23
3 24
3 25
4 5
4 6
4 8
4 9
4 11
4 15
4 16
4 17
4 18
4 19
4 20
4 21
4 23
4 24
4 25
4 27
5 1
5 3
5 7
5 8
5 9
5 10
5 11
5 12
5 14
5 15
5 16
5 17
5 18
5 19
5 22
5 24
5 25
5 26
5 27
6 4
6 8
6 9
6 10
6 11
6 12
6 13
6 14
6 16
6 17
6 19
6 21
6 22
6 23
6 24
6 25
6 26
6 27
7 1
7 5
7 8
7 9
7 13
7 15
7 19
7 21
7 22
7 23
7 25
8 3
8 4
8 7
8 9
8 11
8 12
8 13
8 15
8 16
8 20
8 23
9 2
9 4
9 7
9 8
9 11
9 12
9 14
9 19
9 24
10 6
10 11
10 19
10 20
10 24
11 5
11 6
11 7
11 8
11 9
11 15
11 18
11 21
11 23
11 24
11 27
12 1
12 5
12 6
12 9
12 10
12 14
12 15
12 17
12 24
12 25
12 26
12 27
13 5
13 6
13 7
13 8
13 9
13 12
13 15
13 16
13 17
14 2
14 6
14 7
14 11
14 12
14 21
14 22
14 24
14 26
14 27
15 4
15 6
15 8
15 10
15 11
15 13
15 23
15 24
15 25
16 2
16 4
16 6
16 9
16 10
16 12
16 14
16 15
16 17
16 18
16 19
16 20
16 21
16 24
17 6
17 9
17 12
17 14
17 15
17 22
17 25
17 27
18 6
18 7
18 8
18 10
18 12
18 15
18 16
18 20
18 26
18 27
19 5
19 6
19 7
19 8
19 9
19 10
19 16
19 17
19 22
19 24
19 26
20 8
20 11
20 13
20 14
20 23
20 24
20 25
20 27
21 6
21 7
21 9
21 10
21 11
21 16
21 17
21 20
22 5
22 13
22 14
22 15
22 16
22 17
22 24
23 3
23 4
23 7
23 8
23 9
23 10
23 11
23 15
24 6
24 7
24 8
24 13
24 14
24 15
24 18
24 25
24 26
25 2
25 5
25 7
25 12
25 18
25 21
26 1
26 7
26 10
26 12
26 14
26 16
26 17
26 18
26 19
26 22
26 23
26 24
26 25
27 7
27 8
27 11
27 20
27 23
27 24
