27
1 9
1 19
1 22
1 23
2 25
2 27
3 4
3 9
3 10
3 12
3 24
4 3
4 5
4 6
4 8
4 17
4 18
4 19
4 20
4 21
4 24
4 25
4 27
5 7
5 8
5 9
5 10
5 11
5 12
5 14
5 15
5 16
5 17
5 24
5 25
5 26
5 27
6 9
6 10
6 11
6 12
6 13
6 14
6 16
6 17
6 19
6 21
6 22
6 23
6 24
6 25
6 26
6 27
7 9
7 19
7 22
7 23
8 6
8 10
8 17
8 19
8 20
8 24
9 3
9 7
9 8
9 14
9 15
9 24
10 3
10 8
10 22
11 7
11 10
11 15
12 3
12 7
12 17
12 24
13 9
13 14
13 15
13 23
13 27
14 20
14 24
15 9
15 11
15 13
15 24
16 7
16 8
17 8
17 12
18 15
19 7
19 8
19 20
19 24
20 8
20 9
20 11
20 13
20 14
20 24
22 1
22 7
22 8
22 10
22 12
23 7
23 24
24 3
24 9
24 14
24 15
24 23
24 27
25 2
25 10
25 17
25 19
25 20
26 7
26 15
26 24
27 6
27 8
27 22
27 24
