27
1 5
1 6
1 7
1 8
1 9
1 11
1 13
1 15
1 19
1 20
1 21
1 22
1 23
1 24
1 25
1 26
2 3
2 4
2 7
2 8
2 9
2 10
2 11
2 12
2 13
2 14
2 15
2 16
2 17
2 18
2 19
2 20
2 21
2 22
2 23
2 24
2 25
2 26
2 27
3 2
3 4
3 5
3 6
3 7
3 8
3 9
3 10
3 11
3 12
3 14
3 15
3 16
3 17
3 18
3 19
3 22
3 24
3 25
3 26
3 27
4 2
4 3
4 5
4 6
4 8
4 9
4 10
4 11
4 12
4 13
4 14
4 15
4 16
4 17
4 18
4 19
4 20
4 21
4 23
4 24
4 25
4 27
5 3
5 8
5 9
5 10
5 11
5 12
5 13
5 16
5 17
5 21
5 22
5 23
5 24
5 25
5 26
6 5
6 7
6 8
6 9
6 11
6 14
6 16
6 17
6 18
6 20
6 21
6 22
6 23
6 24
6 25
6 26
6 27
7 1
7 5
7 6
7 8
7 9
7 11
7 12
7 13
7 14
7 17
7 18
7 19
7 20
7 21
7 22
7 23
7 24
7 26
8 5
8 6
8 7
8 9
8 10
8 11
8 14
8 15
8 16
8 17
8 19
8 20
8 22
8 23
8 24
8 26
9 3
9 7
9 8
9 11
9 13
9 14
9 15
9 16
9 21
9 22
9 23
9 24
9 25
9 27
10 3
10 5
10 7
10 8
10 12
10 18
10 19
10 22
10 24
10 26
11 4
11 5
11 6
11 7
11 8
11 10
11 14
11 15
11 16
11 20
11 23
11 24
11 25
11 26
11 27
12 3
12 5
12 6
12 7
12 8
12 9
12 11
12 15
12 17
12 20
12 21
12 22
12 27
13 5
13 6
13 8
13 9
13 10
13 14
13 15
13 17
13 18
13 21
13 25
13 26
13 27
14 6
14 7
14 9
14 10
14 11
14 16
14 17
14 19
14 20
14 24
14 25
14 26
14 27
15 6
15 7
15 8
15 9
15 10
15 11
15 12
15 13
15 14
15 16
15 17
15 18
15 19
15 22
15 23
15 24
15 25
15 27
16 7
16 10
16 11
16 12
16 13
16 15
16 17
16 18
16 20
16 22
16 23
16 24
17 5
17 6
17 7
17 8
17 9
17 11
17 12
17 13
17 14
17 15
17 20
17 22
17 25
17 26
18 6
18 7
18 9
18 12
18 14
18 15
18 19
18 21
18 22
18 23
18 25
18 26
18 27
19 6
19 7
19 8
19 9
19 10
19 11
19 15
19 16
19 18
19 20
19 22
19 24
19 27
20 1
20 6
20 7
20 8
20 10
20 11
20 12
20 13
20 14
20 16
20 17
20 22
20 23
20 24
20 25
21 6
21 7
21 9
21 11
21 12
21 13
21 14
21 15
21 20
21 22
21 23
21 27
22 1
22 5
22 6
22 7
22 8
22 9
22 10
22 12
22 15
22 16
22 19
22 24
22 26
22 27
23 5
23 6
23 7
23 8
23 14
23 15
23 16
23 17
23 20
23 24
23 25
24 1
24 3
24 7
24 8
24 9
24 10
24 11
24 12
24 13
24 14
24 15
24 20
24 21
24 23
24 27
25 2
25 5
25 6
25 9
25 10
25 12
25 14
25 15
25 17
25 18
25 19
25 20
25 23
25 24
26 1
26 5
26 6
26 7
26 8
26 10
26 11
26 12
26 14
26 19
26 24
26 25
27 6
27 7
27 9
27 11
27 12
27 14
27 15
27 16
27 18
27 19
27 22
27 24
27 26
