27
1 4
1 9
1 15
1 19
1 22
1 23
2 6
2 9
2 10
2 11
2 12
2 13
2 14
2 16
2 17
2 19
2 21
2 22
2 23
2 24
2 25
2 26
2 27
3 7
3 8
3 9
3 10
3 11
3 12
3 14
3 15
3 16
3 17
3 24
3 25
3 26
3 27
4 1
4 5
4 6
4 8
4 17
4 18
4 19
4 20
4 21
4 24
4 25
4 27
5 9
5 10
5 12
5 24
6 2
6 11
6 17
6 18
6 20
6 25
6 27
7 9
7 19
7 22
7 23
8 6
8 22
8 24
9 1
9 8
9 11
9 13
9 14
9 24
9 25
11 3
11 6
11 7
11 8
11 10
11 12
11 16
11 20
11 27
12 5
12 7
12 18
12 24
12 27
13 9
13 14
13 15
13 17
13 23
13 24
13 27
14 10
14 17
14 19
14 20
15 1
15 7
15 17
15 24
15 25
16 7
16 8
16 11
16 20
16 21
16 23
16 24
17 6
17 7
17 13
17 14
17 15
17 18
17 24
17 25
18 6
18 9
18 12
18 14
18 15
18 17
18 23
18 27
19 2
19 20
19 24
20 6
20 9
20 11
20 13
20 24
21 7
21 8
21 16
22 7
22 8
22 12
23 13
23 15
23 16
24 7
24 10
24 13
24 15
25 6
25 9
25 10
25 15
25 17
25 19
25 20
25 24
26 7
26 8
26 14
26 15
26 24
27 8
27 11
27 12
27 22
