27
1 9
1 12
1 18
1 19
1 20
1 22
1 23
1 24
2 9
2 11
2 17
2 18
2 20
2 23
2 25
2 26
2 27
3 4
3 9
3 10
3 11
3 12
3 13
3 17
3 24
3 25
4 3
4 5
4 6
4 8
4 11
4 17
4 18
4 19
4 20
4 21
4 24
4 25
4 27
5 7
5 8
5 9
5 10
5 11
5 12
5 14
5 15
5 16
5 17
5 18
5 24
5 25
5 26
5 27
6 8
6 9
6 10
6 11
6 12
6 13
6 14
6 16
6 17
6 19
6 21
6 22
6 23
6 24
6 25
6 26
6 27
7 8
7 9
7 13
7 15
7 19
7 22
7 23
7 25
8 6
8 7
8 11
8 12
8 21
8 22
8 25
8 27
9 2
9 6
9 10
9 11
9 13
9 23
9 24
10 7
10 8
10 9
10 16
10 20
11 3
11 4
11 7
11 8
11 12
11 13
11 15
11 16
12 1
12 13
12 14
12 15
12 16
13 3
13 7
13 9
13 10
13 11
13 15
14 6
14 9
14 10
14 12
14 15
14 17
14 19
14 20
14 24
15 7
15 8
15 11
15 14
15 24
16 11
16 20
16 24
17 2
17 3
17 5
17 7
17 18
17 23
17 24
17 27
18 1
18 5
18 9
18 14
18 15
18 17
18 23
18 24
18 27
19 6
19 7
19 10
19 17
19 20
20 1
20 7
20 10
20 17
20 19
20 24
20 25
21 7
21 8
21 11
21 20
21 23
21 24
21 27
22 6
22 7
22 8
22 13
22 14
22 15
22 18
22 24
22 25
23 2
23 6
23 9
23 12
23 14
23 15
23 17
23 27
24 1
24 3
24 6
24 7
24 8
24 10
24 12
24 15
24 16
24 20
24 27
25 3
25 6
25 7
25 8
25 22
25 24
25 26
26 2
26 8
26 11
26 13
26 14
26 24
26 25
27 8
27 21
