27
1 8
1 9
1 13
1 15
1 19
1 21
1 22
1 23
1 25
2 8
2 9
2 10
2 11
2 12
2 13
2 14
2 16
2 17
2 19
2 21
2 22
2 23
2 24
2 25
2 26
2 27
3 7
3 8
3 9
3 10
3 11
3 12
3 14
3 15
3 16
3 17
3 18
3 24
3 25
3 26
3 27
4 5
4 6
4 8
4 11
4 17
4 18
4 19
4 20
4 21
4 24
4 25
4 27
5 9
5 10
5 11
5 12
5 13
5 17
5 22
5 24
5 25
6 9
6 11
6 17
6 18
6 20
6 22
6 23
6 24
6 25
6 26
6 27
7 8
7 9
7 12
7 18
7 19
7 20
7 22
7 23
7 24
8 7
8 18
8 21
9 7
9 10
9 14
9 16
9 17
9 19
9 22
9 23
9 24
9 25
10 2
10 3
10 7
10 8
10 11
10 20
10 23
10 24
10 27
11 6
11 7
11 8
11 13
11 14
11 15
11 18
11 24
11 25
11 26
12 2
12 6
12 9
12 14
12 15
12 17
12 25
12 27
13 6
13 7
13 8
13 10
13 12
13 15
13 16
13 20
13 27
14 6
14 7
14 8
14 9
14 17
14 19
14 22
14 24
14 26
15 8
15 11
15 13
15 14
15 23
15 24
15 25
15 27
16 6
16 7
16 9
16 10
16 17
16 20
17 5
17 13
17 14
17 15
17 16
17 24
18 7
18 8
18 9
18 10
18 11
18 15
19 1
19 6
19 9
19 10
19 12
19 14
19 15
19 17
19 20
19 24
20 7
20 8
20 11
20 14
20 19
20 24
21 1
21 11
21 20
21 24
22 5
22 6
22 7
22 9
22 18
22 23
22 24
22 27
23 2
23 5
23 6
23 9
23 10
23 14
23 15
23 17
23 24
23 27
24 3
24 4
24 5
24 6
24 7
24 8
24 9
24 12
24 13
24 15
24 16
24 17
25 6
25 7
25 11
25 12
25 21
25 22
25 26
25 27
26 6
26 10
26 11
26 13
26 23
26 24
26 25
27 7
27 8
27 9
27 12
27 15
27 16
27 20
27 23
