31
1 22
2 13
2 14
2 15
2 16
2 18
2 19
2 20
2 21
2 22
2 23
2 24
2 25
2 26
2 28
2 29
2 30
2 31
3 4
3 5
3 6
3 7
3 8
3 9
3 11
3 12
3 13
3 15
3 16
3 17
3 18
3 19
3 21
3 22
3 23
3 24
3 25
4 3
4 5
4 6
4 8
4 10
4 11
4 12
4 13
4 14
4 15
4 16
4 23
4 25
4 26
4 27
4 28
4 29
4 30
4 31
5 7
5 8
5 9
5 10
5 17
5 18
5 19
5 21
5 22
5 25
5 26
5 27
5 30
5 31
6 7
6 9
6 10
6 11
6 12
6 13
6 14
6 15
6 16
6 17
6 18
6 19
6 21
6 22
6 23
6 24
6 25
6 27
6 28
6 29
7 6
7 8
7 9
7 10
7 11
7 12
7 14
7 15
7 16
7 17
7 18
7 19
7 20
7 21
7 28
7 29
7 30
7 31
8 5
8 7
8 9
8 10
8 11
8 12
8 13
8 14
8 21
8 22
8 23
8 25
8 26
8 27
8 28
8 29
8 30
9 6
9 16
10 12
10 24
11 22
11 26
12 7
12 10
12 19
14 7
14 8
15 7
15 28
16 3
16 9
16 19
17 31
18 25
19 6
19 12
19 16
19 20
19 21
19 27
19 28
20 19
21 2
21 19
21 28
21 29
22 1
22 6
22 11
23 6
23 24
24 2
24 10
24 23
25 18
26 11
26 28
27 19
28 7
28 15
28 19
28 21
28 26
29 2
29 6
29 8
29 21
30 2
31 17
